41.050
95.150
94.390
92.500
92.980
90.960
92.210
91.600
89.990
91.460
91.830
90.400
90.910
91.230
91.630
90.540
91.590
90.830
90.980
90.990
91.250
91.380
91.980
91.850
90.850
91.020
92.230
91.820
91.960
91.710
91.900
92.130
92.090
91.400
92.250
91.920
92.140
91.460
91.830
91.790
92.490
91.250
91.440
91.840
92.670
91.510
92.180
92.580
91.890
92.750
92.370
91.350
92.920
92.350
91.540
92.560
91.450
92.430
92.100
92.080
92.150
92.440
92.050
92.390
92.200
91.880
92.700
92.250
90.840
92.290
93.000
92.630
92.850
93.010
92.590
92.360
92.820
92.590
93.060
92.430
93.040
93.080
92.580
93.470
92.450
92.220
93.400
92.850
93.210
93.570
93.370
93.060
93.230
93.050
93.350
92.710
93.670
93.300
92.850
93.250
93.740
93.620
93.440
93.580
93.700
93.850
94.020
93.840
93.410
93.230
93.280
93.840
94.230
94.300
93.700
94.260
93.910
93.210
93.460
94.010
93.950
93.910
94.070
93.900
93.950
93.780
93.970
93.760
93.990
94.200
94.250
94.230
94.200
94.230
94.230
94.190
94.130
94.260
94.170
94.300
94.290
94.220
94.260
94.340
94.450
94.320
94.350
94.410
94.300
94.340
94.420
94.350
94.390
94.400
94.410
94.460
94.570
94.500
94.640
94.580
